52
24,4.0;29,7.0;9,1.41421;8,3.16228;17,5.0;6,3.60555
47,1.0;46,1.41421;38,4.0;39,3.0;37,1.41421;29,2.23607;33,4.0;34,3.0
3,3.0;7,2.82843;17,3.60555;16,4.47214
2,3.0;4,2.23607
3,2.23607;5,1.0
4,1.0;6,1.41421;3,1.41421
5,1.41421;7,5.0;3,2.0
6,5.0;2,2.82843;0,4.24264;8,4.0;15,5.0;16,2.0;17,1.0
9,2.0;15,1.0;12,2.82843;25,5.65685
8,2.0;10,3.0;17,5.0
9,3.0;11,4.0;23,4.12311;0,4.12311;6,7.61577;24,1.0
10,4.0;12,1.0;23,8.06226;30,6.32456;25,2.23607;24,5.0
11,1.0;13,3.0;25,2.82843
12,3.0;14,1.0
13,1.0;15,1.0;12,3.16228
14,1.0;8,1.0;12,2.23607
17,1.0;21,1.0;20,1.41421
16,1.0;18,4.0
17,4.0;19,2.0;15,1.41421;6,7.2111;0,4.12311;8,1.0
18,2.0;20,3.0;15,3.16228;12,2.23607;11,3.16228;25,4.12311;8,3.0
19,3.0;21,1.0;25,7.07107
20,1.0;16,1.0
23,4.0;24,4.24264;8,6.0;9,4.0;0,3.16228;17,8.06226;6,4.12311;3,6.08276
22,4.0;24,3.16228
23,3.16228;22,4.24264;30,2.23607;29,3.0;45,7.28011;35,3.16228;26,4.12311;25,7.07107;10,1.0
26,3.0;28,2.0
25,3.0;27,2.0
26,2.0;28,3.0;34,5.09902;1,2.23607;46,2.23607;49,3.16228;51,6.32456;29,4.0;36,1.0;37,3.0
27,3.0;25,2.0;34,8.06226;1,5.09902;38,1.41421;41,4.12311;29,7.0;36,4.0;37,6.0
30,1.41421;34,1.41421;45,4.47214;47,2.82843;46,3.60555;1,2.23607
29,1.41421;31,1.0;47,4.24264;46,5.0;1,3.60555;35,4.12311
30,1.0;32,1.41421;35,5.09902;10,3.60555
31,1.41421;33,1.41421;22,6.0;23,2.0
32,1.41421;34,1.0;42,1.41421
33,1.0;29,1.41421;42,1.0;45,4.24264;47,3.16228;46,4.12311;1,3.0;38,7.0;39,6.0
36,2.0;37,2.82843;46,4.0;49,5.0;50,7.28011;25,4.0;26,1.0
35,2.0;37,2.0;34,4.12311;1,1.41421;46,2.0;49,3.0;29,3.0
36,2.0;35,2.82843;9,6.0;10,3.0;0,7.07107;6,10.44031;29,1.0
39,1.0;41,3.0
38,1.0;40,3.0
39,3.0;41,1.0;43,6.08276;51,3.60555;50,1.0;27,4.12311;49,2.23607;48,3.16228;44,5.0;45,3.0
40,1.0;38,3.0;43,7.07107;51,4.47214;50,1.41421;44,6.0;45,4.0
43,3.0;45,3.60555;50,6.7082;46,4.0;47,3.0;39,6.08276;1,3.16228;35,5.65685;37,2.82843
42,3.0;44,1.41421;33,4.12311;32,5.38516
43,1.41421;45,2.0;51,2.82843;50,5.09902
44,2.0;42,3.60555;43,3.16228;51,2.0;50,3.16228
47,1.0;49,1.0;50,3.60555;39,2.23607
46,1.0;48,1.0;39,3.16228;27,2.82843;1,1.0;37,2.23607;29,2.82843
47,1.0;49,1.0;45,1.0;51,3.0;1,2.0;37,3.16228;33,4.47214
48,1.0;46,1.0;45,1.41421;51,3.16228;50,2.82843
51,3.16228;39,4.0;40,1.0;27,5.09902;49,2.82843;48,3.60555;33,8.06226;45,3.16228;44,5.09902;43,6.0
50,3.16228;39,5.83095;44,2.82843;43,3.16228
